1	0.15062668224591685
2	0.2777270526809659
3	0.40482742311601505
4	0.5319277935510625
5	0.6590281639861139
6	0.7861285344210378
7	0.9132289048562114
8	1.0403292752912607
9	1.1674296457263094
10	1.2945300161613589
11	1.4216239812993403
12	1.5484989758712844
13	1.6743623612183436
14	1.7983724437990432
15	1.9205982219829538
16	2.041726098842443
17	2.162354684700777
18	2.2828325595280843
19	2.4043125087997916
20	2.5301060552643824
21	2.6661873205037248
22	2.8188201187609985
23	2.990085140697772
24	3.1759543132683996
25	3.367305153047103
26	3.553597190302284
27	3.7266382401631244
28	3.8825030707489017
29	4.021321820597888
30	4.145934295296241
31	4.2602679616950425
32	4.368330007007796
33	4.473662090813743
34	4.579063619257704
35	4.686580732417708
36	4.7974778193641185
37	4.912306023535144
38	5.031062758359754
39	5.153380889996951
40	5.278720538480108
41	5.406513590385267
42	5.536177001036926
43	5.667218963191456
44	5.799252188506671
45	5.931984262478656
46	6.065200269632241
47	6.198746251018104
48	6.332512123602261
49	6.46641857971217
50	6.600407457610084
51	6.734435158515827
52	6.868468454283061
53	7.002479826389702
54	7.1364411393675455
55	7.270343429831523
56	7.404222939285527
57	7.538131189837609
58	7.672134941569235
59	7.806331230144327
60	7.940849713787733
61	8.07585179508301
62	8.2115259332994
63	8.348079232638318
64	8.485726092586123
65	8.62467525313281
66	8.765104645527849
67	8.907117873382223
68	9.05078932533604
69	9.1961335918182
70	9.343097935538268
71	9.491561908686036
72	9.641341352490288
73	9.79219634052609
74	9.943842338201362
75	10.095963639108152
76	10.24822801749987
77	10.400301513169024
78	10.551862339496346
79	10.702613065141751
80	10.85229044198995
81	11.000672506982282
82	11.147596683511788
83	11.292977522454366
84	11.436761535266994
85	11.578946999595377
86	11.719582339853734
87	11.858761987970247
88	11.996621243474276
89	12.13333039686986
90	12.269088343225416
91	12.40411588506077
92	12.538648906839162
93	12.672931595564183
94	12.807209878714337
95	12.941725246846296
96	13.076709686772857
97	13.212382146968759
98	13.348941372343182
99	13.486563912150846
100	13.62540200070085
101	13.765582198283571
102	13.907204546734457
103	14.050339196333464
104	14.195035614434268
105	14.341321409905879
106	14.489202783495784
107	14.63866692037294
108	14.78968455484616
109	14.942212594249845
110	15.096196704842752
111	15.251573780746806
112	15.40827947925994
113	15.566256150504863
114	15.725435477625087
115	15.885749559986014
116	16.04713305378899
117	16.20952450591518
118	16.37286742760661
119	16.53711111441692
120	16.702211222242866
121	16.868130112036557
122	17.03483856709182
123	17.202317260504927
124	17.37054790953368
125	17.53951809348657
126	17.709221135511534
127	17.879655420172938
128	18.050823633525738
129	18.22273187239698
130	18.395377083572885
131	18.568757098376253
132	18.74287631497962
133	18.917737785387597
134	19.093342308742294
135	19.26968760916988
136	19.446767616976494
137	19.62457186856663
138	19.80308503669726
139	19.98228659872428
140	20.162150646477357
141	20.342645837444998
142	20.523735483186055
143	20.70537776741859
144	20.887526083166755
145	21.070129475749347
146	21.2531331763262
147	21.43647920921538
148	21.62010705526902
149	21.80395435323914
150	21.987957621249727
151	22.172056107591896
152	22.356188302748535
153	22.540292402667422
154	22.724311008126897
155	22.90818931606882
156	23.091875714323002
157	23.27532230421538
158	23.458485345456495
159	23.641325619695433
160	23.823808711033458
161	24.005905203580145
162	24.187590797767744
163	24.368846348594044
164	24.54965783022118
165	24.730016232408953
166	24.909917395102365
167	25.089361788126737
168	25.268354243377615
169	25.446903647136867
170	25.625022600216294
171	25.80272705354209
172	25.980035926565147
173	26.156970715534385
174	26.333561704611054
175	26.509844792707618
176	26.685850578484605
177	26.861611275683565
178	27.037160289014558
179	27.212532053471136
180	27.38776206212215
181	27.562886389585746
182	27.737941480447624
183	27.912963961268293
184	28.08799047329141
185	28.263057524569543
186	28.43820135990632
187	28.613457846787707
188	28.78886237533778
189	28.964449770279636
190	29.140254212903013
191	29.31630917112734
192	29.49264733589212
193	29.66930056229411
194	29.84629981411251
195	30.02367511060642
196	30.20145547472393
197	30.379669782810957
198	30.558346105203015
199	30.737510570388103
200	30.917188166862594
201	31.097402699410075
202	31.278176746232333
203	31.459531617602003
204	31.641487316582413
205	31.824062502411497
206	32.007274457168045
207	32.191138857610625
208	32.37566827479143
209	32.560875461952534
210	32.74677219919212
211	32.93336876420267
212	33.120673932763694
213	33.30869498524251
214	33.49743771922459
215	33.68690646829346
216	33.877104126881015
217	34.06803218101805
218	34.25969074472958
219	34.45207860174565
220	34.64519325213361
221	34.83903046291837
222	35.03357452475731
223	35.22881302712739
224	35.424735933044914
225	35.621331833595434
226	35.81858798368791
227	36.016490339326744
228	36.21502359625425
229	36.41417122986072
230	36.613915536302294
231	36.814237674809036
232	37.015117711203004
233	37.216534662679656
234	37.41846654393266
235	37.62089041472283
236	37.823782429005
237	38.027117885731805
238	38.23087128145165
239	38.435016364807936
240	38.63952669786588
241	38.844376664521036
242	39.0495380915485
243	39.254982088739084
244	39.46067934342339
245	39.66660018522506
246	39.87271465289648
247	40.07899256306637
248	40.285403580689646
249	40.49191729120081
250	40.69850776881689
251	40.90514991397802
252	41.111814964336894
253	41.3184745410268
254	41.525100735183344
255	41.731666193813176
256	41.9381442044857
257	42.14450877831487
258	42.35073473069571
259	42.55679775926522
260	42.76267451856856
261	42.96834269093011
262	43.17378105305283
263	43.37896953790026
264	43.58388929145024
265	43.78852272395044
266	43.992853555349406
267	44.19686685462468
268	44.40054907277986
269	44.603888069334594
270	44.806873132184634
271	45.009494990763436
272	45.21174582249018
273	45.41361925254188
274	45.615110347038815
275	45.81621559978204
276	46.01693291272808
277	46.217261570430416
278	46.41720220871737
279	46.616756744394266
280	46.81592903961286
281	47.014725031622234
282	47.21315084321113
283	47.411213752569076
284	47.60892213853731
285	47.80628542241918
286	48.00331400710374
287	48.200019213933
288	48.39641321774013
289	48.59250898048016
290	48.788320183865395
291	48.98386116140549
292	49.17914683023719
293	49.37419262311123
294	49.56901442088454
295	49.763628485845125
296	49.958051396173474
297	50.15229998182202
298	50.346391262068444
299	50.54034238497451
300	50.73417056895652
301	50.92789304664844
302	51.121527011213814
303	51.31508956523794
304	51.50859767230856
305	51.70206811136952
306	51.89551743391078
307	52.088961924036475
308	52.28241756143395
309	52.47589998724714
310	52.669420316796916
311	52.86298804790468
312	53.05661648805737
313	53.25031839596492
314	53.444105951016454
315	53.637990729357604
316	53.8319836825125
317	54.026095118496045
318	54.22033468535923
319	54.4147113571054
320	54.60923342191409
321	54.80390847260604
322	54.99874301025302
323	55.19374168475134
324	55.38890994085589
325	55.58425267732125
326	55.77977407106501
327	55.97547758036729
328	56.171365949787685
329	56.367441216735855
330	56.5637047196325
331	56.76015710759757
332	56.956798351602764
333	57.153627757025646
334	57.35064397754241
335	57.54784503029636
336	57.74522831227917
337	57.94279061786077
338	58.140528157404326
339	58.33843657690094
340	58.536510978559214
341	58.734745942282665
342	58.93313554796859
343	59.13167358116732
344	59.330354840031504
345	59.52917263161867
346	59.728119530047756
347	59.927187752279856
348	60.12636918504325
349	60.32565541209106
350	60.52503774171398
351	60.72450723442957
352	60.92405473076997
353	61.12367087908944
354	61.32334616331423
355	61.52307093055737
356	61.72283541852219
357	61.92262978261989
358	62.12244412272744
359	62.322268509514615
360	62.52209301027085
361	62.721907714165006
362	62.92170275687391
363	63.12146834451892
364	63.32119477685216
365	63.52087234352478
366	63.72049146789591
367	63.92004287767795
368	64.11951747750197
369	64.3189063675688
370	64.5182008613906
371	64.7173925024814
372	64.91647307997187
373	65.11543464312702
374	65.31426951475125
375	65.51297030346824
376	65.7115299148689
377	65.90994156152395
378	66.10819873985254
379	66.30629077044033
380	66.50420808961294
381	66.701944409692
382	66.89949372166004
383	67.09685029544525
384	67.29400867914431
385	67.49096369722194
386	67.68771044772902
387	67.88424429858489
388	68.08056088297145
389	68.27665609389054
390	68.47252607793708
391	68.66816722834362
392	68.86357617735314
393	69.05874978797796
394	69.25368514520424
395	69.4483795467026
396	69.64283049310428
397	69.8370356779045
398	70.03099297705263
399	70.22470043828937
400	70.41815627029035
401	70.61135883167377
402	70.80430661992938
403	70.99699826032402
404	71.18943249483712
405	71.3816081711782
406	71.57352423193552
407	71.76517970390337
408	71.9565736876323
409	72.14770534724492
410	72.33857390422936
411	72.52917984251013
412	72.71952335114742
413	72.90960363284236
414	73.09941991502231
415	73.28897144159319
416	73.47825746519142
417	73.66727735328058
418	73.85603300452118
419	74.04452502734146
420	74.23275300432358
421	74.42071652105393
422	74.60841516277185
423	74.79584851158401
424	74.98301614423922
425	75.16991763045394
426	75.35655253177859
427	75.54292040099004
428	75.72902078199526
429	75.91485321022758
430	76.10041721351635
431	76.28571231340779
432	76.47073802691436
433	76.65549386866739
434	76.83997935344763
435	77.02419399906616
436	77.20813732956803
437	77.39180887872993
438	77.57520819382212
439	77.75833483960557
440	77.94118840253384
441	78.12376849512957
442	78.30607476050601
443	78.48810687700312
444	78.66986456290904
445	78.85134758123797
446	79.03255574453559
447	79.21348891968461
448	79.3941470326834
449	79.57453007337142
450	79.75463810007675
451	79.9344712441616
452	80.11402971444323
453	80.29331380146813
454	80.47232372893386
455	80.6510523143857
456	80.82949514642341
457	81.00765185436305
458	81.1855221023667
459	81.36310558970261
460	81.54040205072992
461	81.7174112546054
462	81.89413300471027
463	82.07056691420236
464	82.24671191186025
465	82.4225678483463
466	82.59813471405403
467	82.77341252352151
468	82.9484013133996
469	83.12310114016984
470	83.29751207762378
471	83.47163421411602
472	83.64546764960534
473	83.81901249249853
474	83.9922688563129
475	84.1652368561741
476	84.33791660516661
477	84.51030821055522
478	84.68241176989586
479	84.8542273670552
480	85.02575506815765
481	85.19699491748034
482	85.36794693331514
483	85.53861110381757
484	85.70898738286249
485	85.87907568592598
486	86.04887588601261
487	86.21838780964704
488	86.38761123294863
489	86.55654587780668
490	86.7251914081742
491	86.89354742649637
492	87.06161347029042
493	87.22938900889139
494	87.3968734403792
495	87.56406608869946
496	87.73096620099166
497	87.89757444848176
498	88.06389346522555
499	88.2299227572444
500	88.39566164681119
501	88.56110939282466
502	88.7262651904764
503	88.891128171189
504	89.05569740282796
505	89.2199718901884
506	89.38395057575659
507	89.54763234074547
508	89.71101600640195
509	89.87410033558263
510	90.03688403459367
511	90.19936575528978
512	90.36154409742575
513	90.52341761125346
514	90.68498480035632
515	90.84624412471196
516	91.00719400397392
517	91.16783282096138
518	91.32815892534602
519	91.48817049190959
520	91.64786555421921
521	91.80724239881171
522	91.96629930103894
523	92.12503452326048
524	92.28344631948431
525	92.44153294011052
526	92.599292636764
527	92.7567236672016
528	92.91382430027868
529	93.0705928209608
530	93.22702753536525
531	93.38312677581847
532	93.53888890591402
533	93.69431232555756
534	93.8493954759838
535	94.00413684473241
536	94.15853497056865
537	94.31258832330546
538	94.46628932269158
539	94.61963273201783
540	94.77261664237562
541	94.9252391816486
542	95.07749851747731
543	95.22939286007733
544	95.38092046490324
545	95.53207963515182
546	95.68286872409786
547	95.83328613725823
548	95.98333033437865
549	96.13299983123981
550	96.28229320127943
551	96.43120907702793
552	96.57974615135586
553	96.72790317853199
554	96.87567897509207
555	97.02307242051799
556	97.17008245772881
557	97.31670809338519
558	97.4629483980094
559	97.60880250592383
560	97.75426961501135
561	97.89934898630179
562	98.04403994338884
563	98.18834187168233
564	98.3322542175017
565	98.47577648701645
566	98.61890824503966
567	98.76164911368187
568	98.90399877087184
569	99.0459569487519
570	99.18752343195541
571	99.32869805577441
572	99.46948070422525
573	99.6098713080207
574	99.74986984733772
575	99.8894770974826
576	100.02869362509526
577	100.16751947373334
578	100.3059547245292
579	100.44399949369574
580	100.58165393000208
581	100.71891821195264
582	100.85579132280955
583	100.99227224167116
584	101.12836106663529
585	101.26405790781128
586	101.39936288452758
587	101.5342761225638
588	101.66879775141545
589	101.80292790159758
590	101.93666670199578
591	102.07001427727046
592	102.20297074532171
593	102.33553621482032
594	102.46771078281199
595	102.59949453239919
596	102.73088753050699
597	102.86188982573742
598	102.99250144631718
599	103.1227223981429
600	103.25255266292788
601	103.38199219645433
602	103.51104092693377
603	103.63969875347887
604	103.76796554468918
605	103.89584113735286
606	104.02332533526645
607	104.15041790817381
608	104.27711859082561
609	104.4034270821604
610	104.52934304460699
611	104.65486610350918
612	104.77999584667192
613	104.90473182402903
614	105.02907354743125
615	105.15302049055369
616	105.2765720889216
617	105.39972774005237
618	105.52248680371241
619	105.64484860228647
620	105.7668124212571
621	105.88837750979198
622	106.00954308143594
623	106.13030831490511
624	106.25067179210609
625	106.37063047771029
626	106.4901830923178
627	106.60932850704626
628	106.72806555534028
629	106.84639303405173
630	106.96430970459548
631	107.08181429417726
632	107.19890549708977
633	107.31558197607329
634	107.43184236373686
635	107.54768526403629
636	107.66310925380496
637	107.77811278836232
638	107.89269418321477
639	108.00685194666734
640	108.1205845745773
641	108.23389054357459
642	108.34676831284355
643	108.45921632592969
644	108.57123301256823
645	108.68281679053085
646	108.7939660674868
647	108.90467924287488
648	109.0149547097835
649	109.12479085683441
650	109.2341860700679
651	109.34313873482564
652	109.45164723762848
653	109.55970996804612
654	109.66732532055573
655	109.77449169638705
656	109.88120750535084
657	109.98747116764896
658	110.09328111566276
659	110.19863579571802
660	110.30353366982443
661	110.407973217387
662	110.5119529368877
663	110.61547134753579
664	110.71852699088463
665	110.82111843241374
666	110.92324426307434
667	111.02490310079726
668	111.12609300371523
669	111.22680879161472
670	111.32704823896509
671	111.42680979404578
672	111.52609192641967
673	111.62489312782375
674	111.72321191301312
675	111.8210468205584
676	111.91839641359681
677	112.0152592805366
678	112.11163403571493
679	112.20751932001043
680	112.30291380140915
681	112.39781617552596
682	112.49222516608116
683	112.58613952533285
684	112.67955803446617
685	112.77247950393988
686	112.86490277379129
687	112.95682671390027
688	113.04825022421369
689	113.13917223493087
690	113.22959170665116
691	113.31950763048553
692	113.40891902813216
693	113.49782495191799
694	113.58622448480774
695	113.67411674038094
696	113.76150086277835
697	113.84837602662033
698	113.93474143689662
699	114.02059632883049
700	114.10593996771777
701	114.19077164874257
702	114.27509071392303
703	114.35889725798881
704	114.44219103066523
705	114.52497140663411
706	114.60723779050525
707	114.68898961647945
708	114.77022634799947
709	114.85094747738964
710	114.93115252548625
711	115.01084104125913
712	115.09001246064412
713	115.16866457089523
714	115.24679634626114
715	115.32440731111592
716	115.40149701057315
717	115.478065009934
718	115.55411089413478
719	115.62963426719453
720	115.70463475166449
721	115.77911198808
722	115.85306563441624
723	115.92649536554912
724	115.99940087272165
725	116.0717818630178
726	116.14363805884376
727	116.21496919741843
728	116.28577503027338
729	116.35605532276374
730	116.42580985359018
731	116.49503841433321
732	116.56374080900049
733	116.6319168535876
734	116.69956637565315
735	116.76668921390876
736	116.83328521782462
737	116.8993542472507
738	116.96489617205465
739	117.02991087177658
740	117.09439823530107
741	117.15835816054685
742	117.22179055417452
743	117.28469533131246
744	117.34707241530134
745	117.40892173745713
746	117.47024323685338
747	117.53103686012201
748	117.59130256127368
749	117.65104030153692
750	117.7102500492167
751	117.76893177957206
752	117.82708547471283
753	117.88471112351549
754	117.94180872155779
755	117.99837730467314
756	118.05441566064503
757	118.10992369707857
758	118.1649013263536
759	118.21934846331759
760	118.27326502522222
761	118.32665093167694
762	118.37950610461918
763	118.43183046830076
764	118.48362394929048
765	118.53488647649229
766	118.5856179811794
767	118.63581839704284
768	118.68548766025562
769	118.73462570955064
770	118.78323248631318
771	118.83130793468703
772	118.8788520016938
773	118.9258646373654
774	118.97234579465207
775	119.01829512725456
776	119.06371233647019
777	119.1085974030963
778	119.15295031126125
779	119.19677104864142
780	119.24005960668735
781	119.28281598085947
782	119.3250401708721
783	119.36673218094587
784	119.4078920200679
785	119.44851970225942
786	119.48861524684985
787	119.52817867875804
788	119.56721002877903
789	119.6057093338766
790	119.64367663748101
791	119.6811119897912
792	119.71801544808172
793	119.75438707701325
794	119.79022694894658
795	119.8255351442597
796	119.86031175166764
797	119.89455624124587
798	119.92826584323144
799	119.96144016529344
800	119.99407915058552
801	120.02618274561024
802	120.05775090038355
803	120.08878356859852
804	120.11928070778787
805	120.14924227948534
806	120.17866824938521
807	120.2075585875004
808	120.23591326831834
809	120.26373227095497
810	120.29101557930642
811	120.31776318219802
812	120.34397507353117
813	120.36965125242742
814	120.39479172336935
815	120.41939649633917
816	120.44346558695392
817	120.46699901659771
818	120.48999681255093
819	120.51245900811607
820	120.53438564274047
821	120.55577676213575
822	120.57663241839383
823	120.59695267009977
824	120.61673758244127
825	120.63598722731459
826	120.65470168342759
827	120.67288103639905
828	120.69052537885503
829	120.70763481052172
830	120.72420943831536
831	120.7402493764287
832	120.75575474641487
833	120.77072567726752
834	120.7851623054988
835	120.79906477521372
836	120.81243323818222
837	120.82526785390839
838	120.83756878969692
839	120.84933622943117
840	120.8605706698654
841	120.87127247427563
842	120.88144186317152
843	120.89107908832922
844	120.90018552540532
845	120.90876202217721
846	120.91680878548804
847	120.92432603267044
848	120.93131399157244
849	120.93777290058334
850	120.94370300865899
851	120.94910457534691
852	120.95397787081141
853	120.9583231758585
854	120.96214078196103
855	120.96543099128374
856	120.96819411670857
857	120.97043048186032
858	120.97214042113258
859	120.97332427971399
860	120.97398241361516
861	120.97411518969597
862	120.97372298569361
863	120.9728061902513
864	120.97136520294762
865	120.96940043432672
866	120.96691230592937
867	120.96390125032502
868	120.96036771114456
869	120.9563121431142
870	120.95173501209038
871	120.9466367950958
872	120.94101798035629
873	120.93487906733907
874	120.92822056679194
875	120.92104300078373
876	120.91334690274583
877	120.905132817515
878	120.89640130137714
879	120.88715292211248
880	120.87738825904172
881	120.86710790307336
882	120.85631140513046
883	120.84499719415945
884	120.83316570130047
885	120.82081742378807
886	120.80795286609346
887	120.79457253987604
888	120.78067696393501
889	120.76626666416203
890	120.75134217349408
891	120.73590403186672
892	120.71995278616828
893	120.70348899019423
894	120.6865132046024
895	120.66902599686861
896	120.65102794124293
897	120.63251961870648
898	120.61350161692891
899	120.59397453022649
900	120.57393895952049
901	120.55339551229665
902	120.53234480256467
903	120.51078745081882
904	120.48872408399868
905	120.46615533545071
906	120.44308184489022
907	120.41950425836417
908	120.39542322821403
909	120.37083941303965
910	120.34575347766344
911	120.3201660930949
912	120.29407793649607
913	120.2674896911471
914	120.24040204641236
915	120.21281569770716
916	120.18473134646474
917	120.15614970010395
918	120.12707147199696
919	120.09749738143776
920	120.06742815361086
921	120.03686451956047
922	120.00580711911729
923	119.97425532559157
924	119.94220934772805
925	119.90966990863092
926	119.87663773505598
927	119.84311355736008
928	119.8090981094506
929	119.7745921287342
930	119.73959635606616
931	119.70411153569917
932	119.66813841523198
933	119.63167774555846
934	119.59473028081598
935	119.55729677833435
936	119.51937799858426
937	119.4809747051262
938	119.44208766455893
939	119.40271764646867
940	119.36286542337751
941	119.32253177069299
942	119.28171746665684
943	119.24042329229462
944	119.19865003136512
945	119.15639847031032
946	119.11366939820546
947	119.07046360670934
948	119.02678189001524
949	118.98262504480189
950	118.93799387018493
951	118.89288916766907
952	118.84731174110036
953	118.80126239661928
954	118.7547419426139
955	118.70775118967443
956	118.66029095054743
957	118.61236204009164
958	118.56396527523343
959	118.51510147492414
960	118.46577146009716
961	118.41597607912753
962	118.36571647080764
963	118.31499356792276
964	118.26380821571992
965	118.21216126173623
966	118.16005355577221
967	118.10748594986626
968	118.05445929827009
969	118.00097445742537
970	117.94703228594169
971	117.8926336445752
972	117.83777939620911
973	117.78247040583491
974	117.72670754053514
975	117.67049166946725
976	117.6138236638489
977	117.55670439694458
978	117.49913474405344
979	117.44111558249854
980	117.3826477916177
981	117.32373225275542
982	117.26436984925621
983	117.2045614664599
984	117.14430799169756
985	117.0836103142894
986	117.02246932554418
987	116.96088591875977
988	116.89886098922527
989	116.83639543422483
990	116.77349015304264
991	116.71014604696974
992	116.64636401931182
993	116.58214497539916
994	116.51748982259743
995	116.45239947032027
996	116.3868748300434
997	116.32091681547206
998	116.25452713236001
999	116.18770800882618
1000	116.1204605984582
1001	116.0527858226862
1002	115.98468460688214
1003	115.91615788038432
1004	115.84720657652394
1005	115.77783163265329
1006	115.70803399017578
1007	115.63781459457796
1008	115.56717439546269
1009	115.49611434658453
1010	115.42463540588639
1011	115.35273853553775
1012	115.28042470197464
1013	115.20769487594067
1014	115.13455003252982
1015	115.06099115123027
1016	114.98701921596994
1017	114.91263521516264
1018	114.8378401417559
1019	114.76263499327986
1020	114.68702077189688
1021	114.61099848445247
1022	114.5345691425269
1023	114.45773376248806
1024	114.38049336554451
1025	114.30284897779987
1026	114.22480163030743
1027	114.14635235912564
1028	114.06750220537397
1029	113.98825221528917
1030	113.90860344028228
1031	113.82855693699541
1032	113.74811376735927
1033	113.66727499865053
1034	113.58604170354955
1035	113.50441492009604
1036	113.42239405695642
1037	113.33997925477789
1038	113.25717151518704
1039	113.17397184288026
1040	113.09038124563017
1041	113.00640073429118
1042	112.9220313228047
1043	112.83727402820327
1044	112.75212987061423
1045	112.66659987326237
1046	112.58068506247189
1047	112.49438646766731
1048	112.40770512137351
1049	112.32064205921485
1050	112.23319831991307
1051	112.1453749452843
1052	112.05717298023492
1053	111.96859347275628
1054	111.87963747391822
1055	111.79030603786134
1056	111.70060022178814
1057	111.61052108595278
1058	111.52006969364967
1059	111.42924711120048
1060	111.33805440794008
1061	111.24649265620094
1062	111.15456293129607
1063	111.06226631150071
1064	110.96960387803236
1065	110.8765767150296
1066	110.78318590952907
1067	110.68943255144139
1068	110.59531773352504
1069	110.5008428861933
1070	110.40601040113312
1071	110.31082156015452
1072	110.21527752826144
1073	110.11937947481228
1074	110.02312857351549
1075	109.92652600242404
1076	109.82957294392786
1077	109.73227058474542
1078	109.63462011591355
1079	109.53662273292377
1080	109.43827982549115
1081	109.33959276203211
1082	109.24056274292073
1083	109.14119097294711
1084	109.0414786612947
1085	108.94142702151606
1086	108.84103727150742
1087	108.74031063348161
1088	108.63924833393966
1089	108.53785160364107
1090	108.43612167757243
1091	108.33405979491495
1092	108.23166719901026
1093	108.12894513732523
1094	108.02589486141484
1095	107.92251762688433
1096	107.81881469334947
1097	107.71478732439567
1098	107.61043678753595
1099	107.50576435416714
1100	107.40077129952529
1101	107.29545890263935
1102	107.18982844628395
1103	107.0838812169306
1104	106.97761842815765
1105	106.87104020565023
1106	106.7641474096703
1107	106.65694128584097
1108	106.54942308176926
1109	106.44159404696414
1110	106.33345543275347
1111	106.22500849219958
1112	106.11625448001386
1113	106.00719465247013
1114	105.89783026731708
1115	105.78816258368954
1116	105.6781928620188
1117	105.567922363942
1118	105.45735235221053
1119	105.34648409059764
1120	105.23531884380522
1121	105.12385787736964
1122	105.01210245756702
1123	104.90005385131767
1124	104.78771332608986
1125	104.67508214980313
1126	104.5621615907307
1127	104.44895291740173
1128	104.33545739850268
1129	104.22167630277866
1130	104.10761089893388
1131	103.99326245553226
1132	103.8786322408972
1133	103.76372152301148
1134	103.64853160801052
1135	103.53306444171784
1136	103.41732156253254
1137	103.30130426764639
1138	103.1850138542166
1139	103.06845161927909
1140	102.95161885966183
1141	102.83451687189839
1142	102.7171469521416
1143	102.59951039607756
1144	102.48160849883963
1145	102.36344255492295
1146	102.24501385809926
1147	102.12632370133186
1148	102.00737337669125
1149	101.88816417527107
1150	101.76869738710447
1151	101.6489743010809
1152	101.52899620486377
1153	101.40876438480825
1154	101.28828012587995
1155	101.16754471157415
1156	101.04655942383562
1157	100.9253255429792
1158	100.80384436911707
1159	100.68211748805689
1160	100.56014626894347
1161	100.43793197607667
1162	100.3154758719182
1163	100.19277921701344
1164	100.06984326991403
1165	99.94666928710159
1166	99.82325866946938
1167	99.69961356215832
1168	99.57573539698956
1169	99.45162545929006
1170	99.32728503289327
1171	99.20271540008521
1172	99.07791784155154
1173	98.95289363632585
1174	98.82764406173924
1175	98.7021703933709
1176	98.57647390500017
1177	98.45055586855956
1178	98.32441755408901
1179	98.19806022969165
1180	98.07148516149043
1181	97.9446936135862
1182	97.817686848017
1183	97.69046612471845
1184	97.56303270148555
1185	97.43538783393562
1186	97.30753277547247
1187	97.17946877725184
1188	97.05119708814809
1189	96.92271895472193
1190	96.7940356211897
1191	96.6651483293935
1192	96.5360583187728
1193	96.40676682633712
1194	96.27727508663989
1195	96.14758433175356
1196	96.01769579124588
1197	95.8876106921572
1198	95.75733009931598
1199	95.62685478635021
1200	95.49618592838782
1201	95.36532472250232
1202	95.23427236266807
1203	95.10303003973647
1204	94.97159894141313
1205	94.83998025223627
1206	94.70817515355587
1207	94.57618482351415
1208	94.4440104370266
1209	94.31165316576441
1210	94.1791141781375
1211	94.04639463927872
1212	93.91349571102886
1213	93.78041855192251
1214	93.64716431717498
1215	93.51373415866988
1216	93.38012922494768
1217	93.24635066119505
1218	93.112399609235
1219	92.97827720751786
1220	92.84398459111289
1221	92.70952289170094
1222	92.57489323756744
1223	92.44009675359646
1224	92.3051345612652
1225	92.17000777863932
1226	92.03471752049106
1227	91.89926489892225
1228	91.76365102194094
1229	91.6278769939671
1230	91.49194391599579
1231	91.35585288559578
1232	91.2196049969092
1233	91.08320134065126
1234	90.94664300411075
1235	90.80993107115084
1236	90.67306662221048
1237	90.53605073430589
1238	90.39888448103294
1239	90.26156893256938
1240	90.12410519744
1241	89.98649489212544
1242	89.84873923731422
1243	89.7108392750523
1244	89.57279604426115
1245	89.43461058073719
1246	89.29628391715107
1247	89.15781708304768
1248	89.01921110484608
1249	88.88046700583998
1250	88.74158580619834
1251	88.6025685229662
1252	88.46341617006576
1253	88.32413077545391
1254	88.18471453471459
1255	88.04516851725849
1256	87.90549378985051
1257	87.76569141765069
1258	87.62576246424008
1259	87.4857079916467
1260	87.34552906037173
1261	87.2052267294157
1262	87.06480205630481
1263	86.92425609711746
1264	86.78358990651066
1265	86.64280453774646
1266	86.5019010427185
1267	86.3608804719785
1268	86.21974387476266
1269	86.07849229901798
1270	85.93712679142854
1271	85.79564839744171
1272	85.65405816129412
1273	85.51235712603754
1274	85.37054633356458
1275	85.2286268246342
1276	85.08659963889701
1277	84.94446581492028
1278	84.80222639021278
1279	84.65988240124926
1280	84.51743488349476
1281	84.3748847602009
1282	84.23223275300718
1283	84.08947986456893
1284	83.94662711378186
1285	83.80367551835887
1286	83.6606260948476
1287	83.51747985864765
1288	83.37423782402735
1289	83.23090100413994
1290	83.08747041103943
1291	82.9439470556959
1292	82.80033194801034
1293	82.65662609682884
1294	82.51283050995653
1295	82.36894619417066
1296	82.2249741552334
1297	82.0809153979039
1298	81.93677092594989
1299	81.79254174215852
1300	81.64822884834706
1301	81.50383324537228
1302	81.35935593313997
1303	81.21479791061324
1304	81.07016017582072
1305	80.92544372586354
1306	80.78064955692228
1307	80.6357786976665
1308	80.49083305565439
1309	80.3458140633201
1310	80.20072275156654
1311	80.05556015125362
1312	79.91032729321402
1313	79.76502520826845
1314	79.61965492723995
1315	79.47421748096794
1316	79.32871390032122
1317	79.18314521621068
1318	79.03751245960105
1319	78.89181666152211
1320	78.74605885307929
1321	78.60024006546337
1322	78.45436135233862
1323	78.30842401918898
1324	78.16242917340014
1325	78.01637783988667
1326	77.87027104380715
1327	77.72410981056748
1328	77.57789516582393
1329	77.43162813548507
1330	77.28530974571339
1331	77.13894102292589
1332	76.99252299379422
1333	76.84605668524406
1334	76.69954323213345
1335	76.55298394103256
1336	76.40637986388714
1337	76.25973203974009
1338	76.11304150811652
1339	75.96630930902245
1340	75.8195364829428
1341	75.6727240708388
1342	75.52587311414463
1343	75.37898465476317
1344	75.23205973506144
1345	75.085099397865
1346	74.93810468645172
1347	74.791076644545
1348	74.64401631630608
1349	74.49692474632569
1350	74.34980297961516
1351	74.2026520615966
1352	74.0554730380925
1353	73.90826695531456
1354	73.76103485985193
1355	73.6137777986586
1356	73.46649681904024
1357	73.31919296864017
1358	73.17186729542792
1359	73.02452086165432
1360	72.87715472952708
1361	72.72976994862331
1362	72.58236756879367
1363	72.43494864014427
1364	72.2875142130183
1365	72.14006533797675
1366	71.99260306577854
1367	71.84512844736
1368	71.69764253381359
1369	71.55014637636602
1370	71.40264102635578
1371	71.25512753520984
1372	71.10760695441985
1373	70.96008033551763
1374	70.81254873004998
1375	70.66501318955302
1376	70.51747476552563
1377	70.36993450940253
1378	70.22239347252648
1379	70.07485270612014
1380	69.92731326125704
1381	69.77977618966143
1382	69.63224278842499
1383	69.4847143107139
1384	69.33719181849641
1385	69.18967637368712
1386	69.04216903811816
1387	68.89467087350978
1388	68.74718294144044
1389	68.5997063033163
1390	68.45224202034021
1391	68.30479115348015
1392	68.15735476343717
1393	68.00993391061283
1394	67.86252965507593
1395	67.71514305652907
1396	67.56777517427439
1397	67.42042706717899
1398	67.27309979363986
1399	67.12579441154821
1400	66.97851197825347
1401	66.83125361482682
1402	66.68402061370715
1403	66.53681404748582
1404	66.38963496617886
1405	66.242484490348
1406	66.09536371965063
1407	65.9482737046593
1408	65.8012154952529
1409	65.65419014057635
1410	65.50719868899945
1411	65.36024218807586
1412	65.2133216845013
1413	65.06643822407169
1414	64.91959285164079
1415	64.77278661107756
1416	64.62602054522317
1417	64.47929569584765
1418	64.33261310360632
1419	64.18597380799586
1420	64.03937884731002
1421	63.8928292585951
1422	63.74632607760522
1423	63.59987033875715
1424	63.45346307508497
1425	63.30710531819447
1426	63.160798158549014
1427	63.014542712516544
1428	62.8683400115391
1429	62.7221910849042
1430	62.57609696031777
1431	62.43005866385829
1432	62.284077219930694
1433	62.13815365121999
1434	61.99228897864486
1435	61.84648422131096
1436	61.70074039646411
1437	61.555058519443314
1438	61.409439603633594
1439	61.263884660418775
1440	61.11839469913402
1441	60.972970727018314
1442	60.827613749166844
1443	60.68232476848321
1444	60.53710478563157
1445	60.39195496288141
1446	60.24687735557976
1447	60.10187317655613
1448	59.95694345309237
1449	59.81208921071599
1450	59.66731147316203
1451	59.52261126233488
1452	59.377989598269906
1453	59.23344749909535
1454	59.08898598099406
1455	58.94460605816532
1456	58.80030874278666
1457	58.65609504497575
1458	58.511965972752265
1459	58.36792253199989
1460	58.22396572642816
1461	58.08009655753472
1462	57.936316024567255
1463	57.792625124485724
1464	57.64902485192456
1465	57.505516199155075
1466	57.3621001266216
1467	57.21877713014503
1468	57.07554800646061
1469	56.9324137205234
1470	56.789375234390846
1471	56.646433507180944
1472	56.50358949503045
1473	56.3608441510532
1474	56.21819842529861
1475	56.075653264710134
1476	55.933209613084
1477	55.790868411028015
1478	55.64863059592047
1479	55.506497101869186
1480	55.36446910992176
1481	55.22254787045394
1482	55.0807342997559
1483	54.9390293093443
1484	54.797434039114684
1485	54.65595023713863
1486	54.514578906593115
1487	54.373320974055446
1488	54.2321773631685
1489	54.09114899460678
1490	53.95023678604289
1491	53.80944165211422
1492	53.668764504389756
1493	53.52820625133743
1494	53.387767798291456
1495	53.24745004742014
1496	53.10725389769384
1497	52.96718024485325
1498	52.82722998137796
1499	52.6874039964553
1500	52.5477031759495
1501	52.408128402370934
1502	52.26868055484601
1503	52.12936050739531
1504	51.99016907970422
1505	51.85110711424325
1506	51.712175474366276
1507	51.57337501985839
1508	51.434706606906744
1509	51.29617108807188
1510	51.15776931225917
1511	51.01950212469075
1512	50.88137036687757
1513	50.7433748765919
1514	50.605516487840084
1515	50.4677960308355
1516	50.33021433197201
1517	50.19277221379761
1518	50.05547049498835
1519	49.91830999032265
1520	49.781291510655926
1521	49.644415858286884
1522	49.5076838134131
1523	49.371096171281614
1524	49.23465372607106
1525	49.09835726790054
1526	48.96220758280593
1527	48.82620545271645
1528	48.690351655431584
1529	48.55464696459828
1530	48.41909214968846
1531	48.2836879759769
1532	48.14843520451934
1533	48.01333459213095
1534	47.87838689136516
1535	47.74359285049269
1536	47.60895321348094
1537	47.474468865900334
1538	47.34014104623356
1539	47.20597054226675
1540	47.07195809713136
1541	46.93810444987073
1542	46.8044103354254
1543	46.67087648461882
1544	46.537503624143326
1545	46.40429247654646
1546	46.27124376021756
1547	46.13835818937478
1548	46.00563647405229
1549	45.873079320087854
1550	45.74068742911075
1551	45.608461498529884
1552	45.4764022215224
1553	45.34451028702236
1554	45.212786379709954
1555	45.08123123213232
1556	44.94984557418229
1557	44.818630080181045
1558	44.68758541851875
1559	44.55671220630313
1560	44.4260110834634
1561	44.29548270837701
1562	44.16512773512288
1563	44.034946813473994
1564	43.90494058889021
1565	43.77510970251145
1566	43.64545479115104
1567	43.51597648728942
1568	43.38667541906806
1569	43.257552210283706
1570	43.128607480516365
1571	42.99984185870049
1572	42.8712559652035
1573	42.74285040693417
1574	42.614625786441394
1575	42.486582701910145
1576	42.358721747157496
1577	42.23104351162895
1578	42.103548580395056
1579	41.97623753414815
1580	41.849110949199435
1581	41.72216939747619
1582	41.59541344651936
1583	41.46884365948109
1584	41.34246059512283
1585	41.21626488698584
1586	41.09025717421353
1587	40.964438006274506
1588	40.83880792826741
1589	40.71336748096458
1590	40.58811720081221
1591	40.46305761993059
1592	40.3381892661145
1593	40.213512662834006
1594	40.0890283292352
1595	39.964736780141315
1596	39.840638526053866
1597	39.71673407315409
1598	39.59302392330458
1599	39.46950865736786
1600	39.34618891434522
1601	39.22306519082067
1602	39.10013797674038
1603	38.97740775783921
1604	38.85487501564442
1605	38.73254022747963
1606	38.6104038664689
1607	38.488466401540954
1608	38.36672829743351
1609	38.245190014697926
1610	38.1238520097037
1611	38.002714734643355
1612	37.88177863753736
1613	37.761044217530454
1614	37.64051206476709
1615	37.5201826276342
1616	37.40005634240505
1617	37.28013364129546
1618	37.16041495247046
1619	37.04090070005127
1620	36.9215913041221
1621	36.80248718073741
1622	36.68358874192893
1623	36.564896395713
1624	36.446410546097944
1625	36.32813159309152
1626	36.210059932708454
1627	36.092195956978095
1628	35.97454005395213
1629	35.857092622513235
1630	35.739854070789015
1631	35.62282477652019
1632	35.50600511290913
1633	35.38939544923778
1634	35.27299615087605
1635	35.15680757929024
1636	35.04083009205155
1637	34.92506410492125
1638	34.80951033744804
1639	34.694169190754614
1640	34.579040999826255
1641	34.46412609589893
1642	34.34942480646665
1643	34.23493739109965
1644	34.12066398103083
1645	34.00660487503201
1646	33.89276037976307
1647	33.7791307980743
1648	33.665716429012726
1649	33.55251756782854
1650	33.43953450598149
1651	33.32676753114742
1652	33.21421709022313
1653	33.10188372651172
1654	32.98976772897404
1655	32.87786937979194
1656	32.766188957564495
1657	32.654726737316594
1658	32.543482990507684
1659	32.432457985040465
1660	32.32165198526961
1661	32.211065252010506
1662	32.10069804254804
1663	31.990550610645357
1664	31.88062320655264
1665	31.77091607701593
1666	31.661429447356035
1667	31.55216351222103
1668	31.44311850442151
1669	31.334294655334634
1670	31.225692192852307
1671	31.117311341389744
1672	31.009152321893893
1673	30.901215351852006
1674	30.7935006453001
1675	30.68600841283139
1676	30.578738863567068
1677	30.471692306521987
1678	30.364869004544204
1679	30.258269158202086
1680	30.151892964727104
1681	30.04574061802299
1682	29.9398123086749
1683	29.834108223958488
1684	29.728628547849034
1685	29.623373461030518
1686	29.51834314090466
1687	29.41353776159998
1688	29.308957493980785
1689	29.204602481425457
1690	29.10047283610795
1691	28.996568715826594
1692	28.892890276775532
1693	28.789437671900036
1694	28.686211050904983
1695	28.583210560263332
1696	28.48043634322453
1697	28.377888539822905
1698	28.27556731714403
1699	28.173472844860296
1700	28.071605254872903
1701	27.96996467587743
1702	27.868551233420334
1703	27.767365049907493
1704	27.666406244612592
1705	27.565674933685482
1706	27.465171230672876
1707	27.364895282537496
1708	27.264847219858925
1709	27.165027147673847
1710	27.065435167958732
1711	26.966071379638247
1712	26.86693587907676
1713	26.768028865856937
1714	26.66935050918593
1715	26.570900897398047
1716	26.47268017745408
1717	26.374688451903
1718	26.276925798030923
1719	26.17939229020632
1720	26.082087999888035
1721	25.98501299563321
1722	25.888167343105295
1723	25.79155110508186
1724	25.695164341462522
1725	25.59900710927675
1726	25.50307946269167
1727	25.40738145301985
1728	25.3119131000385
1729	25.216674412182197
1730	25.12166543074128
1731	25.026886194281396
1732	24.93233673852838
1733	24.83801709637553
1734	24.743927297890885
1735	24.650067393456617
1736	24.55643744482355
1737	24.463037475350273
1738	24.369867505167708
1739	24.27692755163905
1740	24.184217629367105
1741	24.091737750201546
1742	23.99948792324624
1743	23.90746815486687
1744	23.81567844889812
1745	23.72411880642294
1746	23.632789225641876
1747	23.541689702045698
1748	23.4508202284226
1749	23.360180794865208
1750	23.269771388777695
1751	23.179592013253394
1752	23.089642670378534
1753	22.999923340332195
1754	22.910434000641768
1755	22.82117462619451
1756	22.732145189244594
1757	22.643345659420213
1758	22.55477600373053
1759	22.466436186274937
1760	22.378326152870468
1761	22.290445853242453
1762	22.202795243465207
1763	22.11537427702018
1764	22.028182904802723
1765	21.941221093255365
1766	21.85448881977445
1767	21.76798602909713
1768	21.68171266289121
1769	21.595668660289586
1770	21.509853957897157
1771	21.424268489797736
1772	21.33891218756097
1773	21.253784980256974
1774	21.168886809700226
1775	21.084217614294097
1776	20.999777316223884
1777	20.915565835204994
1778	20.83158308848993
1779	20.747828990875227
1780	20.664303454708428
1781	20.581006389894988
1782	20.497937703905254
1783	20.415097301781373
1784	20.332485086144235
1785	20.25010092879325
1786	20.167944690758198
1787	20.086016268142206
1788	20.0043155548121
1789	19.922842442236654
1790	19.841596819493645
1791	19.76057857327695
1792	19.6797875879036
1793	19.599223745320888
1794	19.518886925113392
1795	19.438777004510133
1796	19.35889385839159
1797	19.27923735929683
1798	19.199807377430567
1799	19.120603780670294
1800	19.041626434573338
1801	18.96287520238402
1802	18.884349945040718
1803	18.80605052118303
1804	18.727976787158866
1805	18.65012859703163
1806	18.572505802587315
1807	18.495108253341687
1808	18.41793579654748
1809	18.3409882772015
1810	18.26426553805188
1811	18.187767419605247
1812	18.111493760133964
1813	18.03544439568332
1814	17.959619160078788
1815	17.884017884933286
1816	17.808640399654443
1817	17.73348653145187
1818	17.658556105344484
1819	17.583848944167805
1820	17.50936486858129
1821	17.435103697075697
1822	17.361065245980452
1823	17.287249329471017
1824	17.213655759576316
1825	17.140284346186153
1826	17.06713489705867
1827	16.99420721782777
1828	16.921501112010656
1829	16.849016381015304
1830	16.776752824147998
1831	16.704710238620873
1832	16.632888419559517
1833	16.56128716001052
1834	16.489906250949122
1835	16.418745481286848
1836	16.347804637879168
1837	16.277083505533184
1838	16.206581867015352
1839	16.136299503059202
1840	16.06623619237313
1841	15.996391711648155
1842	15.926765835565746
1843	15.857358336805666
1844	15.788168986053828
1845	15.719197552010202
1846	15.650443801396706
1847	15.581907498965185
1848	15.513588407505367
1849	15.445486287852862
1850	15.3776008988972
1851	15.309931997589874
1852	15.242479338952446
1853	15.175242675862032
1854	15.108221684314358
1855	15.04141605447759
1856	14.974825535466344
1857	14.908449874484
1858	14.842288816831253
1859	14.776342105914658
1860	14.710609483255224
1861	14.645090688497032
1862	14.579785459415849
1863	14.514693531927838
1864	14.44981464009822
1865	14.385148516149997
1866	14.320694890472703
1867	14.256453491631179
1868	14.192424046374382
1869	14.128606279644186
1870	14.064999914584268
1871	14.001604672548964
1872	13.938420273112204
1873	13.875446434076425
1874	13.812682871481549
1875	13.750129299613969
1876	13.687785431015575
1877	13.625650976492793
1878	13.563725645125666
1879	13.502009144276931
1880	13.44050117960119
1881	13.37920145505403
1882	13.318109672901217
1883	13.257225533727906
1884	13.196548736447893
1885	13.136078978312844
1886	13.07581595492162
1887	13.015759360229573
1888	12.95590888655791
1889	12.89626422460305
1890	12.836825063446023
1891	12.777591090561899
1892	12.71856199182924
1893	12.659737451539577
1894	12.601117152406898
1895	12.5427007755772
1896	12.484488000638029
1897	12.426478505628067
1898	12.368671967046723
1899	12.311068059863782
1900	12.253666457529057
1901	12.196466831982057
1902	12.139468853661704
1903	12.082672191516059
1904	12.026076513012068
1905	11.969681484145358
1906	11.91348676945002
1907	11.857492032008432
1908	11.801696933461127
1909	11.746101134016646
1910	11.690704292461435
1911	11.635506066169762
1912	11.580506111113657
1913	11.525704081872872
1914	11.47109963164486
1915	11.416692412254767
1916	11.362482074165484
1917	11.308468266487669
1918	11.254650636989808
1919	11.201028832108317
1920	11.14760249695765
1921	11.09437127534039
1922	11.041334816636411
1923	10.988493020664851
1924	10.935845655209786
1925	10.883392354045721
1926	10.83113274974642
1927	10.779066473694405
1928	10.727193156090504
1929	10.67551242596338
1930	10.62402391117914
1931	10.572727238450916
1932	10.521622033348523
1933	10.470707920308074
1934	10.419984522641684
1935	10.369451462547156
1936	10.319108361117701
1937	10.268954838351682
1938	10.218990513162368
1939	10.169215003387732
1940	10.119627925800229
1941	10.07022889611664
1942	10.021017529007905
1943	9.971993438108974
1944	9.923156236028701
1945	9.87450553435972
1946	9.826040943688376
1947	9.777762073604638
1948	9.729668532712049
1949	9.681759928637687
1950	9.634035868042146
1951	9.586495956629514
1952	9.539139799157386
1953	9.491966999446873
1954	9.444977160392643
1955	9.398169883972955
1956	9.351544771259725
1957	9.305101422428573
1958	9.258839436768922
1959	9.212758412694072
1960	9.166857947751312
1961	9.121137638632007
1962	9.075597081181733
1963	9.030235870410397
1964	8.985053600502361
1965	8.940049864826603
1966	8.895224255946834
1967	8.850576365631687
1968	8.806105784864846
1969	8.761812103855226
1970	8.717694912047145
1971	8.67375379813049
1972	8.629988350050903
1973	8.586398155019959
1974	8.542982799525346
1975	8.499741869341054
1976	8.456674949537573
1977	8.413781624492069
1978	8.37106147789858
1979	8.32851409277821
1980	8.286139051489315
1981	8.243935935737692
1982	8.201904326586776
1983	8.160043804467815
1984	8.118353949190057
1985	8.076834238767946
1986	8.03548409056981
1987	7.994303083570451
1988	7.953290798336851
1989	7.912446814827295
1990	7.8717707124019904
1991	7.83126206983364
1992	7.790920465318031
1993	7.750745476484601
1994	7.710736680406991
1995	7.670893653613588
1996	7.631215972098058
1997	7.591703211329863
1998	7.55235494626476
1999	7.513170751355292
2000	7.474150200561266
2001	7.435292867360199
2002	7.396598324757779
2003	7.358066145298282
2004	7.319695901074977
2005	7.281487163740536
2006	7.243439504517403
2007	7.20555249420815
2008	7.16782570320582
2009	7.130258701504258
2010	7.0928510587083995
2011	7.0556023440445745
2012	7.018512126370756
2013	6.981579974186816
2014	6.944805455644735
2015	6.90818813855883
2016	6.871727590415911
2017	6.835423378385463
2018	6.799275069329769
2019	6.763282229814032
2020	6.727444426116464
2021	6.691761224238369
2022	6.656232189914169
2023	6.620856888621445
2024	6.585634885590921
2025	6.550565745816445
2026	6.51564903406493
2027	6.480884314886285
2028	6.446271152623303
2029	6.411809111421532
2030	6.377497755239126
2031	6.3433366478566535
2032	6.309325352886884
2033	6.27546343378456
2034	6.2417504538561195
2035	6.208185976269405
2036	6.174769564063341
2037	6.141500780157579
2038	6.108379187362112
2039	6.075404348386867
2040	6.042575825851257
2041	6.009893182293714
2042	5.977355980181178
2043	5.944963781918568
2044	5.912716149858208
2045	5.880612646309241
2046	5.848652833546985
2047	5.816836273822275
2048	5.785162529370773
2049	5.753631162422227
2050	5.7222417454673495
2051	5.6909940168878705
2052	5.659887600392954
2053	5.628922055395388
2054	5.598096941381271
2055	5.567411817918711
2056	5.536866244666475
2057	5.506459781382611
2058	5.47619198793305
2059	5.446062424300168
2060	5.416070650591305
2061	5.386216227047272
2062	5.356498714050813
2063	5.3269176721350355
2064	5.297472661991807
2065	5.268163244480122
2066	5.238988980634426
2067	5.209949431672918
2068	5.181044159005807
2069	5.152272724243536
2070	5.123634689204982
2071	5.095129615925598
2072	5.066757066665542
2073	5.038516603917757
2074	5.0104077904160205
2075	4.982430189142951
2076	4.954583363337987
2077	4.926866876505318
2078	4.899280292421791
2079	4.871823175144765
2080	4.844495089019945
2081	4.817295598689155
2082	4.7902242690981005
2083	4.763280665504067
2084	4.736464353483598
2085	4.709774898940118
2086	4.683211868111541
2087	4.656774827577805
2088	4.630463344268402
2089	4.604276985469842
2090	4.5782153188330925
2091	4.552277912380971
2092	4.526464334515497
2093	4.500774154025211
2094	4.475206940092436
2095	4.449762262300524
2096	4.424439690641029
2097	4.3992387955208745
2098	4.374159147769447
2099	4.349200318645667
2100	4.324361879845015
2101	4.299643403506512
2102	4.275044462219659
2103	4.250564629031335
2104	4.226203477452658
2105	4.201960581465786
2106	4.17783549485355
2107	4.153827682322661
2108	4.129936704469263
2109	4.10616213887924
2110	4.082503563624341
2111	4.058960557268937
2112	4.035532698876733
2113	4.012219568017439
2114	3.989020744773394
2115	3.9659358097461426
2116	3.942964344062965
2117	3.9201059293833604
2118	3.89736014790549
2119	3.8747265823725665
2120	3.8522048160791984
2121	3.829794432877693
2122	3.8074950171843063
2123	3.785306153985453
2124	3.7632274288438574
2125	3.7412584279046803
2126	3.719398737901573
2127	3.697647946162702
2128	3.67600564061672
2129	3.654471409798694
2130	3.63304484285598
2131	3.6117255295540556
2132	3.590513060282308
2133	3.569407026059768
2134	3.548407018540802
2135	3.5275126300207504
2136	3.5067234534415337
2137	3.4860390823971925
2138	3.465459111139393
2139	3.4449831345828796
2140	3.424610748310885
2141	3.4043415485804878
2142	3.384175132327927
2143	3.3641110971738666
2144	3.3441490414286115
2145	3.324288564097285
2146	3.3045292648849456
2147	3.284870744201669
2148	3.265312603167572
2149	3.2458544436178025
2150	3.226495868107464
2151	3.2072364799165154
2152	3.1880758830545988
2153	3.169013682265844
2154	3.150049483033609
2155	3.1311828915851807
2156	3.1124135148964256
2157	3.093740960696398
2158	3.0751648374718963
2159	3.0566847544719744
2160	3.0383003217124065
2161	3.0200111499801037
2162	3.0018168508374865
2163	2.9837170366268078
2164	2.965711320474429
2165	2.9477992935738078
2166	2.929980435057739
2167	2.9122543396218425
2168	2.8946206255459934
2169	2.8770789118932214
2170	2.8596288185139467
2171	2.842269966050156
2172	2.825001975939541
2173	2.807824470419583
2174	2.7907370725315865
2175	2.7737394061246734
2176	2.756831095859719
2177	2.740011767213245
2178	2.7232810464812656
2179	2.7066385607830825
2180	2.6900839380650323
2181	2.6736168071041924
2182	2.657236797512029
2183	2.640943539738007
2184	2.624736665073146
2185	2.608615805653536
2186	2.592580594463796
2187	2.5766306653404967
2188	2.560765652975531
2189	2.544985192919436
2190	2.5292889215846714
2191	2.513676476248852
2192	2.498147495057929
2193	2.482701617029337
2194	2.467338482055075
2195	2.4520577309047655
2196	2.436859005228647
2197	2.4217419475605326
2198	2.4067062013207225
2199	2.3917514108188653
2200	2.376877221256781
2201	2.362083278731231
2202	2.3473692302366556
2203	2.332734723667852
2204	2.3181794078226186
2205	2.3037029324043528
2206	2.2893049480245966
2207	2.274985106205554
2208	2.260743059382548
2209	2.2465784609064414
2210	2.2324909650460194
2211	2.2184802269903154
2212	2.204545902850906
2213	2.190687649664158
2214	2.1769051253934286
2215	2.1631979889312296
2216	2.1495659001013485
2217	2.136008519660917
2218	2.1225255093024535
2219	2.109116531655852
2220	2.0957812502903286
2221	2.082519329716335
2222	2.069330435387422
2223	2.0562142337020686
2224	2.0431704027346953
2225	2.0301986827403242
2226	2.017298755466138
2227	2.004470290085635
2228	1.991712956736657
2229	1.9790264265228508
2230	1.9664103715151007
2231	1.9538644647529162
2232	1.941388380245779
2233	1.9289817929744615
2234	1.9166443788922962
2235	1.904375814926412
2236	1.8921757789789346
2237	1.8800439499281423
2238	1.8679800076295936
2239	1.8559836329172097
2240	1.844054507604324
2241	1.832192314484693
2242	1.8203967373334704
2243	1.8086674609081452
2244	1.7970041709494464
2245	1.7854065541822017
2246	1.7738742983161744
2247	1.762407092046852
2248	1.751004625056205
2249	1.7396665880134115
2250	1.7283926725755432
2251	1.717182571388216
2252	1.7060359780862089
2253	1.6949525872940487
2254	1.6839320946265535
2255	1.6729741966893505
2256	1.662078591079355
2257	1.6512449763852146
2258	1.6404730521877247
2259	1.6297625190602036
2260	1.619113078568841
2261	1.6085244332730109
2262	1.597996286725546
2263	1.5875283434729908
2264	1.5771203090558135
2265	1.5667718900085865
2266	1.5564827938601404
2267	1.5462527291336763
2268	1.5360814053468592
2269	1.525968533011867
2270	1.5159138236354173
2271	1.50591698971876
2272	1.4959777447576381
2273	1.4860958032422191
2274	1.4762708806569955
2275	1.4665026934806566
2276	1.456790959185927
2277	1.4471353961505362
2278	1.437535723747085
2279	1.4279916624310025
2280	1.418502933650799
2281	1.4090692598477608
2282	1.3996903644556138
2283	1.3903659719001602
2284	1.3810958075988848
2285	1.3718795979605367
2286	1.3627170703846783
2287	1.3536079532612106
2288	1.3445519759698683
2289	1.3355488688796884
2290	1.3265983633484542
2291	1.3177001917221054
2292	1.308854087334129
2293	1.3000597845049218
2294	1.2913170185411211
2295	1.2826255257349175
2296	1.273985043363336
2297	1.2653953096874937
2298	1.2568560639518318
2299	1.24836704638332
2300	1.239927998190642
2301	1.2315386615633472
2302	1.2231987796709856
2303	1.214908096662214
2304	1.2066663576638799
2305	1.1984733087800787
2306	1.1903286970911915
2307	1.1822322706528934
2308	1.1741837784951443
2309	1.1661829706211526
2310	1.1582295980063164
2311	1.1503234125971444
2312	1.1424641673101492
2313	1.1346516160307245
2314	1.1268855136119953
2315	1.1191656158736465
2316	1.1114916796007328
2317	1.1038634625424644
2318	1.0962807234109713
2319	1.088743221880047
2320	1.0812507185838736
2321	1.0738029751157194
2322	1.0663997540266243
2323	1.059040818824059
2324	1.051725933970565
2325	1.0444548648823773
2326	1.0372272710362436
2327	1.0300427011418327
2328	1.0229009201758337
2329	1.0158017007318607
2330	1.008744816315579
2331	1.0017300413435541
2332	0.9947571511420796
2333	0.9878259219459842
2334	0.9809361308974167
2335	0.9740875560446102
2336	0.9672799763406243
2337	0.9605131716420676
2338	0.953786922707799
2339	0.9471010111976084
2340	0.9404552196708785
2341	0.9338493315852257
2342	0.9272831312951194
2343	0.9207564040504885
2344	0.9142689359952981
2345	0.907820514166118
2346	0.9014109264906651
2347	0.8950399617863304
2348	0.8887074097586865
2349	0.882413060999976
2350	0.8761567069875859
2351	0.8699381400824989
2352	0.8637571535277312
2353	0.8576135414467521
2354	0.8515070988418827
2355	0.8454376215926855
2356	0.8394049064543297
2357	0.8334087510559431
2358	0.8274489538989505
2359	0.8215253143553886
2360	0.8156376326662138
2361	0.8097857099395886
2362	0.8039693481491527
2363	0.7981883501322835
2364	0.7924425195883346
2365	0.7867316610768664
2366	0.7810555800158566
2367	0.775414082679899
2368	0.7698069761983883
2369	0.7642340685536888
2370	0.7586951685792909
2371	0.7531900859579536
2372	0.7477186312198331
2373	0.7422806157405994
2374	0.7368758517395364
2375	0.7315041522776343
2376	0.7261653312556646
2377	0.7208592034122455
2378	0.7155855879565416
2379	0.7103443496192055
2380	0.7051353201946123
2381	0.6999583170851037
2382	0.694813158527673
2383	0.6896996635918962
2384	0.684617652177844
2385	0.6795669450139943
2386	0.6745473636551237
2387	0.669558730480197
2388	0.6646008686902439
2389	0.6596736023062226
2390	0.6547767561668804
2391	0.6499101559265998
2392	0.6450736280532374
2393	0.6402669998259537
2394	0.6354900993330329
2395	0.6307427554696609
2396	0.6260247979358661
2397	0.6213360572341085
2398	0.6166763646672028
2399	0.612045552336064
2400	0.6074434531374754